date ID ChamEvts Chambers CHAM ML MZ TB badT0 #DeltaT0 #DeltaT0Err T0slope T0slopeErr Tmax TmaxErr ADC ADCErr ADCwidth ADCwidthErr
units X        x        x    x  x  x  x  [ns] [ns]   x    [ns]          x [ns]       x [ns]     x     [ns]           x
min   0        0        0    0  0  0  0     0  0     0       1          0  730       0 125      0       30           0
max   0        0     1170  100 100 100 1   10  0     0       3          0  765       0 145      0       40           0
norm  0        0        0    0  0  0  0     0  0     0       0          0    0       0   0      0        0           0
20120408  RM713 241674 1011  1.01 37.51 57.23  0.00000  4.25 0.000 0.004 2.257 0.002 744.470 0.011 134.833 0.001 34.553 0.001
20120411  RM701  39109  912 20.49 68.64  4.38  0.00000  6.49 0.158 0.009 2.299 0.004 739.008 0.028 134.206 0.006 34.117 0.005
20120412  RM703  31301  792 32.83 57.78  2.36  0.00000  7.03 0.125 0.010 2.290 0.005 739.130 0.034 134.099 0.008 34.037 0.006
20120412  RM704  35394  854 25.83 63.96  3.33  0.00000  6.87 0.170 0.009 2.292 0.005 739.086 0.031 134.161 0.007 34.092 0.006
20120413  RM708  36487  829 26.76 62.24  3.88  0.00000  7.13 0.171 0.009 2.278 0.005 746.541 0.031 133.970 0.007 34.051 0.006
20120414  RM709  36159  826 26.49 62.71  3.67  0.00000  7.12 0.150 0.009 2.286 0.005 746.414 0.032 133.980 0.007 34.055 0.006
20120415  RM714  33958  761 33.00 56.41  3.10  0.00000  7.48 0.209 0.010 2.276 0.005 746.763 0.034 134.096 0.008 34.073 0.006
20120418  RM716  30027  751 37.75 52.53  2.02  0.00000  7.70 0.096 0.011 2.270 0.005 747.203 0.036 134.192 0.008 34.011 0.007
20120419  RM717  29024  745 40.66 50.01  1.81  0.00000  7.52 0.081 0.011 2.282 0.005 746.886 0.037 134.262 0.009 34.014 0.007
20120419  RM718  27177  595 43.30 47.07  1.67  0.00000  7.95 0.081 0.012 2.253 0.006 747.561 0.042 134.371 0.010 34.031 0.008
20120502  RM725  36618  939 21.52 69.91  2.27  0.00000  6.30 -0.076 0.009 2.305 0.004 746.477 0.029 133.384 0.007 33.851 0.005
20120502  RM726  33177  877 25.99 65.09  2.00  0.00000  6.91 0.061 0.010 2.288 0.005 747.249 0.032 133.334 0.007 33.799 0.006
20120503  RM727  16653  321 69.95 22.64  0.00  0.00000  7.41 0.044 0.022 2.349 0.011 749.456 0.074 132.880 0.019 33.387 0.016
20120503  RM728  83327  978  7.58 69.61 19.20  0.00000  3.61 -0.026 0.006 2.324 0.003 747.011 0.019 132.215 0.003 33.860 0.003
20120506  RM729  41641  879 22.60 70.53  3.10  0.00000  3.77 -0.104 0.009 2.332 0.004 748.663 0.029 132.745 0.006 33.768 0.005
20120506  RM730  24450  586 46.75 48.70  0.14  0.00000  4.41 0.018 0.013 2.315 0.007 749.488 0.045 132.836 0.011 33.594 0.009
20120507  RM731  47833  893 19.59 71.82  5.00  0.00000  3.60 -0.033 0.008 2.322 0.004 748.597 0.027 132.576 0.005 33.845 0.004
20120507  RM732  92902  984  6.90 66.42 22.95  0.00000  3.72 0.156 0.006 2.312 0.003 748.040 0.018 132.230 0.003 33.892 0.002
20120510 UM2271  33724  809 29.96 64.77  1.37  0.00000  3.90 0.061 0.010 2.325 0.005 749.450 0.033 132.712 0.007 33.705 0.006
20120511  RM733  31802  704 33.76 61.39  0.79  0.00000  4.06 0.009 0.011 2.320 0.005 750.560 0.037 132.665 0.008 33.685 0.007
20120512 UM2277  68622  935 12.95 69.43 13.92  0.00000  3.70 0.079 0.007 2.315 0.003 749.350 0.022 132.088 0.004 33.800 0.003
20120513  RM734  69041  932 12.94 69.12 14.18  0.00000  3.75 0.026 0.007 2.316 0.003 749.526 0.022 131.832 0.004 33.728 0.003
20120513  RM735  67312  923 13.57 69.05 13.71  0.00000  3.68 -0.013 0.007 2.323 0.003 749.559 0.022 132.002 0.004 33.793 0.003
20120513  RM736  72220  940 12.76 67.95 15.59  0.00000  3.70 -0.030 0.007 2.317 0.003 749.416 0.021 132.008 0.004 33.818 0.003
20120514  RM737  81318  937 11.96 64.95 19.33  0.00000  3.76 0.101 0.007 2.311 0.003 749.529 0.020 132.095 0.003 33.868 0.003
20120515  RM738  70565  932 13.44 67.65 15.12  0.00000  3.79 0.126 0.007 2.314 0.003 749.453 0.022 132.045 0.004 33.827 0.003
20120515  RM739  47652  775 22.84 67.33  5.76  0.00000  4.07 0.152 0.009 2.320 0.004 750.527 0.029 132.316 0.006 33.866 0.005
20120515 UM2288  42320  781 25.68 66.33  3.90  0.00000  4.10 0.126 0.009 2.319 0.004 750.356 0.030 132.665 0.006 33.857 0.005
20120517  RM740  70775  889 14.10 66.29 15.72  0.00000  3.89 0.143 0.007 2.306 0.003 749.827 0.022 131.991 0.004 33.839 0.003
20120518  RM741  69498  873 14.42 66.33 15.41  0.00000  3.84 0.045 0.007 2.313 0.003 749.890 0.023 131.924 0.004 33.790 0.003
20120519  RM742  75042  885 13.94 64.63 17.53  0.00000  3.90 0.018 0.007 2.306 0.003 749.930 0.021 131.824 0.003 33.777 0.003
20120520  RM743  75052  913 13.01 65.89 17.30  0.00000  3.80 -0.049 0.007 2.310 0.003 749.724 0.021 131.818 0.003 33.792 0.003
20120521  RM744  92132  934 11.02 61.70 23.50  0.00000  3.78 -0.076 0.006 2.300 0.003 749.802 0.019 131.991 0.003 33.890 0.002
20120521  RM746  74648  885 13.74 65.15 17.34  0.00000  3.77 0.184 0.007 2.309 0.003 750.199 0.022 131.747 0.003 33.750 0.003
20120522  RM745 130385 1004  4.24 55.71 36.37  0.00000  3.68 0.207 0.005 2.285 0.002 748.704 0.015 132.258 0.002 33.924 0.002
20120523 UM2312  57050  838 19.70 66.28 10.12  0.00000  3.90 0.072 0.008 2.310 0.004 750.543 0.025 131.784 0.005 33.684 0.004
20120523 UM2313  26272  476 43.47 50.62  0.02  0.00000  5.89 0.048 0.014 2.305 0.007 752.183 0.049 132.385 0.011 33.555 0.009
20120524  RM747  53315  767 24.05 63.29  8.51  0.00000  4.15 0.009 0.009 2.316 0.004 751.226 0.027 131.772 0.005 33.680 0.004
20120525  RM749  56344  795 22.98 62.83  9.95  0.00000  4.24 0.162 0.008 2.322 0.004 751.557 0.026 131.690 0.005 33.696 0.004
20120528 UM2327  56227  779 23.55 62.38  9.76  0.00000  4.32 0.027 0.008 2.317 0.004 751.702 0.026 131.862 0.005 33.741 0.004
20120528  RM753  49883  744 24.61 63.84  7.16  0.00000  4.39 -0.085 0.009 2.320 0.004 751.783 0.029 131.764 0.005 33.678 0.004
20120529  RM754  57986  793 22.99 62.14 10.73  0.00000  4.14 0.121 0.008 2.314 0.004 751.821 0.026 131.805 0.005 33.724 0.004
20120530  RM755  34582  576 28.68 65.53  1.06  0.00000  4.73 -0.141 0.012 2.318 0.006 752.675 0.039 132.541 0.009 33.677 0.007
20120530  RM756  60232  806 21.23 62.82 11.82  0.00000  4.12 -0.073 0.008 2.318 0.004 751.832 0.025 131.971 0.004 33.764 0.004
20120530  RM757  68046  842 17.66 63.25 15.20  0.00000  3.88 0.106 0.007 2.306 0.003 751.772 0.023 131.663 0.004 33.721 0.003
20120601 UM2338 178058 1008  4.55 45.53 46.40  0.00000  3.52 0.054 0.005 2.246 0.002 750.412 0.013 132.582 0.002 34.046 0.001
20120602  RM759 291516 1014  1.07 32.50 63.28  0.01193  3.14 -0.011 0.004 2.214 0.001 750.112 0.010 133.179 0.001 34.040 0.001
20120606 UM2349 176860  988  5.56 46.46 44.38  0.00000  3.60 0.069 0.005 2.242 0.002 751.518 0.013 132.392 0.002 34.007 0.001
20120607  RM765 162771  984  6.25 48.51 41.60  0.00000  3.64 0.000 0.005 2.246 0.002 751.593 0.014 132.310 0.002 33.977 0.001
20120608  RM764  35452  607 28.93 65.00  1.34  0.00000  4.73 -0.089 0.011 2.314 0.006 753.340 0.037 132.593 0.008 33.711 0.007
20120609  RM766  94445  900 10.19 62.10 23.29  0.00000  4.42 -0.048 0.007 2.297 0.003 754.490 0.019 131.109 0.002 33.720 0.002
20120610  RM767 205500  986  4.38 41.33 50.75  0.00000  3.55 -0.005 0.005 2.240 0.002 751.567 0.012 132.438 0.001 34.040 0.001
20120611 UM2361  46807  721 24.85 64.50  6.15  0.00000  4.50 0.043 0.009 2.315 0.004 753.173 0.030 132.074 0.006 33.727 0.005
20120611  RM769  31687  538 34.56 59.80  0.49  0.00000  5.16 0.013 0.013 2.316 0.006 753.938 0.042 132.436 0.009 33.637 0.008
20120612 UM2366 110155  937 10.40 56.77 28.86  0.00000  3.96 0.144 0.006 2.275 0.003 752.214 0.017 131.766 0.002 33.821 0.002
20120612 UM2369 136271  967  8.15 52.06 35.95  0.00000  3.84 0.180 0.006 2.264 0.002 752.216 0.015 131.876 0.002 33.882 0.002
20120613 UM2374 487403 1015  0.53 11.17 85.30  0.53610  2.47 0.162 0.004 2.153 0.001 0.000 0.000 133.650 0.001 34.556 0.001
20120613  RM771 113517  974  7.47 58.35 30.39  0.00000  3.80 0.126 0.006 2.287 0.002 751.678 0.017 131.899 0.002 33.869 0.002
20120614  RM772  64610  813 19.42 63.03 13.55  0.00000  4.00 0.136 0.008 2.308 0.004 753.176 0.024 131.624 0.004 33.725 0.003
20120614  RM773  41805  644 26.42 65.21  3.93  0.00000  4.44 0.081 0.010 2.314 0.005 753.565 0.034 132.262 0.007 33.715 0.006
20120615  RM774  95106  903 11.54 59.79 24.80  0.00000  3.87 0.186 0.006 2.286 0.003 752.561 0.019 131.705 0.003 33.804 0.002
20120615  RM775  97860  970  7.59 63.59 25.02  0.00000  3.80 0.116 0.006 2.302 0.003 751.552 0.018 132.056 0.003 33.883 0.002
20120615  RM776 235861  644  3.03 35.12 58.44  0.00000  3.42 0.094 0.006 2.235 0.002 754.430 0.014 132.105 0.002 33.995 0.001
20120616  RM777 135472  928  9.61 51.30 35.21  0.00000  3.88 0.006 0.006 2.255 0.002 752.840 0.016 131.908 0.002 33.892 0.002
20120617  RM778  63143  825 18.11 65.14 12.69  0.00000  4.05 -0.130 0.008 2.317 0.004 753.326 0.024 131.436 0.004 33.668 0.003
20120617  RM781  47584  716 24.84 64.14  6.44  0.00000  4.58 0.036 0.009 2.320 0.004 753.404 0.030 131.980 0.006 33.719 0.005
20120703  RM786  82696  983  5.01 75.12 16.46  0.00000  3.41 0.171 0.006 2.247 0.003 744.606 0.019 133.246 0.002 34.484 0.002
20120704  RM787 208795 1008  1.38 34.81 60.63  0.00000  3.18 -0.088 0.005 2.126 0.002 743.988 0.011 133.416 0.001 34.416 0.001
20120704  MP351 338811 1012  0.89 17.08 79.13  0.21927  2.68 0.028 0.004 2.118 0.001 743.502 0.009 133.477 0.001 34.474 0.001
20120708  RM790  73868  967  4.71 79.91 11.94  0.00000  3.45 0.062 0.007 2.263 0.003 744.911 0.020 133.579 0.003 34.415 0.002
20120708  RM791  48070  927 17.77 74.76  4.19  0.00000  3.28 -0.025 0.008 2.318 0.004 743.986 0.026 133.822 0.004 34.557 0.003
20120713  RM793  57565  966 10.94 79.75  5.93  0.00000  3.38 -0.023 0.008 2.310 0.003 743.650 0.023 135.333 0.004 35.031 0.003
20120714  RM794 208478  991  1.32 34.99 60.74  0.00000  2.95 0.042 0.005 2.146 0.002 743.768 0.012 134.787 0.001 34.888 0.001
20120714  RM795  69702  965  5.76 81.02  9.82  0.00000  3.39 0.042 0.007 2.281 0.003 743.796 0.021 135.702 0.003 35.135 0.002
20120715  RM796  48404  956 17.39 74.94  4.26  0.00000  3.41 -0.016 0.008 2.311 0.004 743.847 0.025 135.284 0.004 35.027 0.003
20120715  RM797  52819  961 14.53 77.07  4.88  0.00000  3.52 0.015 0.008 2.303 0.004 743.937 0.024 135.254 0.004 34.999 0.003
20120719  MP357 205745 1008  1.35 35.64 60.05  0.00000  2.96 -0.019 0.005 2.132 0.002 743.731 0.012 133.172 0.001 34.337 0.001
20120721  RM800  85297  990  3.20 76.98 16.45  0.00000  3.37 -0.030 0.006 2.247 0.003 743.759 0.018 133.728 0.002 34.480 0.002
20120722  RM801 122415  997  2.80 60.73 33.15  0.00000  3.32 0.042 0.006 2.189 0.002 743.885 0.015 133.688 0.002 34.462 0.001
20120723  RM802  67799  980  6.21 81.10  9.22  0.00000  3.46 -0.027 0.007 2.273 0.003 743.687 0.021 133.957 0.003 34.542 0.002
20120724  MP356 419870 1012  0.37 12.88 83.73  0.33445  2.68 0.093 0.004 2.117 0.001 743.125 0.008 133.355 0.001 34.428 0.001
20120725  RM804 208314 1007  1.32 35.83 59.76  0.00000  3.09 0.029 0.005 2.134 0.002 743.428 0.012 133.216 0.001 34.359 0.001
20120727  RM806 241333 1009  1.40 30.35 65.31  0.00631  2.94 0.044 0.005 2.127 0.002 743.283 0.011 133.165 0.001 34.350 0.001
20120727  RM805 218597 1005  1.20 34.43 61.36  0.00063  3.01 -0.009 0.005 2.124 0.002 743.656 0.011 133.375 0.001 34.363 0.001
20120727  RM809 246093 1010  1.52 28.44 67.09  0.00882  2.94 0.045 0.005 2.128 0.002 743.236 0.011 133.108 0.001 34.350 0.001
20120728  RM807 170911 1007  1.92 43.59 51.40  0.00000  3.10 -0.005 0.005 2.190 0.002 743.908 0.013 131.817 0.001 34.107 0.001
20120728  RM810 260282 1010  1.47 26.41 69.20  0.02710  2.89 0.034 0.005 2.132 0.002 743.147 0.010 133.055 0.001 34.338 0.001
20120729  RM813 354488 1011  0.79 16.22 80.04  0.25225  2.71 0.039 0.004 2.125 0.001 742.923 0.009 133.208 0.001 34.400 0.001
20120730  RM812 261083 1009  1.47 26.10 69.54  0.02745  2.87 0.088 0.004 2.128 0.002 743.186 0.010 133.022 0.001 34.327 0.001
20120730  RM814 209232 1008  1.38 34.92 60.78  0.00000  2.91 0.044 0.005 2.142 0.002 743.328 0.012 133.124 0.001 34.352 0.001
20120731  RM815 217208 1008  1.39 33.48 62.21  0.00000  2.92 0.024 0.005 2.135 0.002 743.338 0.011 133.086 0.001 34.337 0.001
20120801  RM816 132673 1007  2.00 54.55 40.30  0.00000  3.15 -0.093 0.006 2.212 0.002 744.063 0.015 131.852 0.002 34.090 0.001
20120801  RM817 163483 1007  1.59 42.30 53.03  0.00000  3.08 0.027 0.005 2.166 0.002 743.678 0.013 132.872 0.001 34.313 0.001
20120802  RM818 220590  998  1.43 32.91 62.80  0.00096  2.87 0.028 0.005 2.121 0.002 743.763 0.011 133.200 0.001 34.338 0.001
20120802 UM2441  74742  983  5.15 79.20 12.33  0.00000  3.32 -0.033 0.007 2.272 0.003 743.381 0.020 133.771 0.003 34.524 0.002
20120803  RM821 221613 1008  1.39 32.76 62.99  0.00000  2.86 0.003 0.005 2.135 0.002 743.429 0.011 133.111 0.001 34.338 0.001
20120803  RM822 206325  999  1.34 35.60 60.23  0.00000  2.83 -0.051 0.005 2.129 0.002 743.690 0.012 133.230 0.001 34.347 0.001
20120806  RM823 213953 1005  1.38 34.62 61.13  0.00000  2.87 0.013 0.005 2.127 0.002 743.612 0.011 133.345 0.001 34.378 0.001
20120807  RM824 109192  994  2.95 66.99 26.86  0.00000  3.20 0.017 0.006 2.222 0.002 743.523 0.016 133.621 0.002 34.503 0.002
20120807  RM825 206495 1008  1.39 35.69 60.01  0.00000  2.91 0.017 0.005 2.132 0.002 743.688 0.012 133.167 0.001 34.354 0.001
20120808  RM826 114643  255  4.41 58.33 35.24  0.00000  2.02 0.172 0.011 2.275 0.005 744.257 0.030 131.032 0.004 33.944 0.003
20120808  RM827 245420 1008  1.27 28.98 66.90  0.00789  2.84 0.065 0.005 2.132 0.002 743.400 0.011 133.059 0.001 34.340 0.001
20120809  RM828 189400 1008  1.69 37.19 58.21  0.00000  2.91 0.041 0.005 2.147 0.002 743.764 0.012 133.053 0.001 34.336 0.001
20120809  RM829 218135 1004  1.31 33.52 62.30  0.00000  2.87 0.059 0.005 2.136 0.002 743.547 0.011 133.101 0.001 34.347 0.001
20120812  RM830 127424 1008  3.37 54.48 38.97  0.00000  3.17 0.003 0.006 2.213 0.002 744.179 0.015 132.007 0.002 34.121 0.001
20120815  RM831 286683 1011  1.32 23.46 72.38  0.10296  2.73 0.049 0.004 2.127 0.001 743.313 0.010 133.125 0.001 34.366 0.001
20120816  RM832 174020 1007  2.00 42.58 52.41  0.00000  3.02 0.004 0.005 2.165 0.002 743.836 0.013 132.784 0.001 34.271 0.001
20120820  RM833  30040  838 35.15 60.70  0.95  0.00000  3.19 -0.196 0.010 2.352 0.005 744.305 0.034 133.169 0.007 34.126 0.006
20120821  RM834 213711 1008  1.39 33.93 61.79  0.00000  2.89 0.048 0.005 2.140 0.002 743.625 0.012 133.127 0.001 34.362 0.001
20120821  RM835 237420 1008  1.33 29.62 66.21  0.00474  2.83 -0.004 0.005 2.139 0.002 743.429 0.011 132.983 0.001 34.353 0.001
20120823  RM838 215282 1008  1.24 30.10 65.71  0.00000  2.94 -0.006 0.005 2.151 0.002 743.799 0.011 132.581 0.001 34.256 0.001
20120823  RM839 349380 1010  1.01 16.25 79.83  0.25441  2.66 0.067 0.004 2.126 0.001 743.198 0.009 133.133 0.001 34.436 0.001
20120824  RM840 278359 1010  1.48 23.79 71.85  0.09827  2.78 0.040 0.004 2.137 0.001 743.264 0.010 132.895 0.001 34.342 0.001
20120824  RM841 118255  981  4.33 57.26 35.33  0.00000  3.08 -0.043 0.006 2.227 0.002 744.298 0.016 131.685 0.002 34.059 0.001
20120825  RM842 262661 1010  1.38 25.94 69.84  0.04285  2.79 0.010 0.005 2.139 0.002 743.352 0.010 132.968 0.001 34.343 0.001
20120825  RM843 109907  995  2.91 67.08 26.75  0.00000  3.26 0.025 0.006 2.229 0.002 743.564 0.016 133.336 0.002 34.475 0.002
20120826  RM844 320336 1011  1.00 18.90 77.19  0.19493  2.71 0.026 0.004 2.131 0.001 743.200 0.009 133.093 0.001 34.396 0.001
20120826  RM845 304250 1011  0.87 17.95 78.43  0.06897  2.68 0.040 0.004 2.139 0.001 743.438 0.010 132.658 0.001 34.280 0.001
20120827  RM846 201857 1008  1.39 36.05 59.58  0.00000  2.98 0.015 0.005 2.150 0.002 743.472 0.012 132.977 0.001 34.348 0.001
20120830  RM847 210201 1007  1.39 34.36 61.28  0.00063  2.97 0.012 0.005 2.148 0.002 743.540 0.012 132.902 0.001 34.316 0.001
20120831  RM848 209657 1007  1.30 34.96 60.76  0.00000  2.98 0.023 0.005 2.147 0.002 743.480 0.012 132.904 0.001 34.319 0.001
20120901  RM849 307350 1011  1.07 20.10 75.88  0.15525  2.79 0.044 0.004 2.133 0.001 743.224 0.010 132.919 0.001 34.325 0.001
20120901  RM850 261681 1011  1.07 22.10 73.97  0.00819  2.86 0.003 0.005 2.142 0.002 743.558 0.010 132.532 0.001 34.246 0.001
20120902  RM851 347425 1011  1.09 18.07 77.87  0.25949  2.72 0.043 0.004 2.126 0.001 743.115 0.009 133.248 0.001 34.433 0.001
20120903  RM852 360818 1011  0.81 15.51 80.75  0.27492  2.66 0.037 0.004 2.127 0.001 743.005 0.009 133.196 0.001 34.431 0.001
20120904  RM853 179269 1005  1.83 41.95 53.15  0.00000  3.07 0.015 0.005 2.156 0.002 743.557 0.013 133.085 0.001 34.346 0.001
20120904  RM854 265198 1011  1.47 25.49 70.17  0.05101  2.82 0.052 0.005 2.140 0.002 743.144 0.010 132.877 0.001 34.317 0.001
20120905  RM855 409030 1008  0.46 13.17 83.47  0.33877  2.57 0.070 0.004 2.126 0.001 742.961 0.008 133.188 0.001 34.406 0.001
20120906  RM856 206579 1007  1.33 35.44 60.28  0.00000  2.95 0.019 0.005 2.150 0.002 743.385 0.012 132.868 0.001 34.315 0.001
20120906  RM857 180367 1007  1.31 39.25 56.43  0.00000  3.01 0.022 0.005 2.169 0.002 743.562 0.013 132.514 0.001 34.254 0.001
20120907  RM858 196436 1006  1.36 38.26 57.38  0.00000  3.01 0.033 0.005 2.155 0.002 743.498 0.012 132.917 0.001 34.312 0.001
20120907  RM859 127386  998  2.88 58.79 35.13  0.00000  3.20 0.038 0.006 2.205 0.002 743.519 0.015 133.161 0.002 34.418 0.001
20120908  RM860 428697 1007  0.74 12.62 83.69  0.37387  2.58 0.062 0.004 2.134 0.001 742.775 0.008 133.128 0.001 34.401 0.001
20120909  RM861  42065  285 16.32 81.15  0.53  0.00000  2.00 0.132 0.016 2.323 0.008 744.568 0.048 131.318 0.011 33.871 0.009
20120909  RM862 311871 1005  1.04 19.82 76.22  0.18276  2.74 0.090 0.004 2.130 0.001 743.274 0.010 132.934 0.001 34.336 0.001
20120915  RM864 340667 1011  0.94 17.10 79.01  0.22957  2.72 0.225 0.004 2.125 0.001 742.966 0.009 133.213 0.001 34.407 0.001
20120916  RM865 329761 1007  0.93 18.05 78.11  0.22517  2.69 0.247 0.004 2.129 0.001 742.876 0.009 133.091 0.001 34.389 0.001
20120927  MP387  44689  901 20.07 74.57  2.47  0.00000  2.89 -0.032 0.009 2.364 0.004 743.338 0.027 132.043 0.005 33.990 0.004
20120928  MP390 123873 1000  3.03 60.26 33.43  0.00000  3.28 -0.038 0.006 2.175 0.002 743.001 0.015 134.310 0.002 34.656 0.001
20120928  MP391  76431  987  3.97 79.59 12.93  0.00000  3.51 -0.079 0.007 2.253 0.003 742.504 0.020 134.276 0.003 34.651 0.002
20120929  RM867 270150 1010  1.08 24.88 71.27  0.04412  2.73 0.042 0.004 2.117 0.001 742.316 0.010 133.504 0.001 34.463 0.001
20120930  MP389 213307 1007  1.11 34.08 61.93  0.00000  2.88 0.000 0.005 2.134 0.002 742.394 0.012 133.371 0.001 34.437 0.001
20121001  MP392 204399 1007  1.23 35.51 60.32  0.00000  2.93 -0.014 0.005 2.131 0.002 742.468 0.012 133.535 0.001 34.484 0.001
20121002  MP395  89703  992  3.16 75.46 18.17  0.00000  3.21 -0.057 0.006 2.237 0.003 742.388 0.018 134.040 0.002 34.623 0.002
20121002  MP396 305735 1012  0.91 20.87 75.43  0.14974  2.64 -0.003 0.004 2.113 0.001 741.993 0.010 133.565 0.001 34.496 0.001
20121003  MP394 212147 1008  1.27 34.06 61.86  0.00000  2.82 0.079 0.005 2.125 0.002 742.318 0.012 133.528 0.001 34.482 0.001
20121004  MP399  32160  907 32.98 62.54  1.16  0.00000  3.32 -0.117 0.010 2.344 0.005 742.778 0.032 133.518 0.006 34.308 0.005
20121004  MP397 205029 1007  1.18 35.40 60.53  0.00000  2.89 -0.023 0.005 2.132 0.002 742.400 0.012 133.564 0.001 34.496 0.001
20121005  MP398 207552 1008  1.24 34.81 61.11  0.00000  2.85 -0.026 0.005 2.133 0.002 742.361 0.012 133.463 0.001 34.471 0.001
20121006  MP400 204074 1008  1.27 35.59 60.29  0.00000  2.84 -0.023 0.005 2.133 0.002 742.463 0.012 133.498 0.001 34.480 0.001
20121006  MP401 225840 1007  1.24 31.45 64.55  0.00126  2.75 0.021 0.005 2.129 0.002 742.325 0.011 133.407 0.001 34.468 0.001
20121007  MP402 206737 1008  1.26 34.94 60.95  0.00000  2.85 -0.047 0.005 2.136 0.002 742.418 0.012 133.465 0.001 34.475 0.001
20121014  MP404 215998 1003  1.32 33.66 62.16  0.00032  2.86 0.015 0.005 2.124 0.002 742.167 0.011 133.794 0.001 34.567 0.001
20121014  RM868 230594 1009  1.25 30.41 65.56  0.00410  2.77 -0.074 0.005 2.116 0.002 742.170 0.011 133.741 0.001 34.553 0.001
20121015  RM869 253042 1011  1.15 27.24 68.85  0.01543  2.74 -0.057 0.005 2.112 0.002 741.900 0.011 133.792 0.001 34.568 0.001
20121015  MP406 240025 1009  1.18 29.29 66.74  0.00568  2.79 0.044 0.005 2.119 0.002 741.888 0.011 133.805 0.001 34.570 0.001
20121016 UM2552 102966  999  3.21 69.71 23.82  0.00000  3.26 -0.064 0.006 2.210 0.002 741.856 0.017 134.325 0.002 34.708 0.002
20121016  MP408 280972 1012  1.26 23.57 72.42  0.08211  2.67 -0.025 0.004 2.112 0.001 741.574 0.010 133.766 0.001 34.558 0.001
20121017  RM872 450045 1014  0.57 11.72 84.81  0.40815  2.49 0.044 0.004 2.111 0.001 741.195 0.008 133.929 0.001 34.607 0.001
20121019  RM873 224619 1009  1.23 32.01 63.92  0.00126  2.85 -0.014 0.005 2.124 0.002 741.665 0.011 133.680 0.001 34.521 0.001
20121019  RM874 308684 1012  1.08 20.18 75.94  0.15257  2.66 -0.007 0.004 2.113 0.001 741.402 0.010 133.560 0.001 34.492 0.001
20121020  RM875 166589 1007  1.31 41.68 54.08  0.00000  2.93 -0.054 0.005 2.171 0.002 742.328 0.013 132.623 0.001 34.303 0.001
20121021  RM876 414131 1014  0.44 11.84 84.89  0.31232  2.51 -0.042 0.004 2.116 0.001 741.339 0.008 133.553 0.001 34.528 0.001
20121021  RM877 234134 1009  1.24 29.79 66.20  0.00347  2.77 -0.035 0.005 2.133 0.002 741.538 0.011 133.326 0.001 34.463 0.001
20121022  RM879 249538 1009  1.06 27.79 68.38  0.00915  2.76 -0.026 0.005 2.123 0.002 741.593 0.011 133.457 0.001 34.466 0.001
20121022  RM880 136129  980  4.11 50.91 42.10  0.00000  2.87 -0.096 0.006 2.200 0.002 742.521 0.015 132.102 0.002 34.180 0.001
20121023  RM881 248399 1009  1.07 27.83 68.29  0.00820  2.80 0.032 0.005 2.126 0.002 741.606 0.011 133.313 0.001 34.447 0.001
20121023  RM882 150229 1003  2.60 48.86 45.48  0.00000  3.06 0.005 0.005 2.163 0.002 742.056 0.014 133.667 0.001 34.489 0.001
20121023  RM883 348282 1013  0.81 15.98 80.38  0.22698  2.60 -0.001 0.004 2.116 0.001 741.522 0.009 133.531 0.001 34.503 0.001
20121026  RM886 260520 1009  1.07 26.34 69.83  0.02680  2.73 -0.030 0.004 2.123 0.002 741.883 0.010 133.337 0.001 34.443 0.001
20121026  RM887 151499  852  3.76 43.93 49.94  0.00000  2.37 0.028 0.006 2.202 0.002 743.221 0.015 131.441 0.001 34.027 0.001
20121027  MP412  92030  993  3.01 74.63 19.17  0.00000  3.19 -0.067 0.006 2.247 0.003 742.140 0.018 132.737 0.002 34.571 0.002
20121027  MP413  64405  978  6.26 82.50  7.90  0.00000  3.34 -0.073 0.007 2.289 0.003 742.215 0.022 134.016 0.003 34.620 0.003
20121027 UM2583 219316 1008  1.10 32.91 63.16  0.00126  2.83 0.024 0.005 2.135 0.002 742.024 0.011 133.316 0.001 34.443 0.001
20121028 UM2590 260030 1011  1.17 26.10 69.96  0.03747  2.74 -0.020 0.004 2.123 0.002 741.684 0.010 133.418 0.001 34.473 0.001
20121029  MP415 209762 1008  1.10 34.79 61.24  0.00000  2.87 0.029 0.005 2.125 0.002 741.584 0.012 133.689 0.001 34.538 0.001
20121029 UM2587 256777  991  1.19 26.99 69.01  0.02504  2.78 -0.004 0.005 2.112 0.002 741.536 0.011 133.777 0.001 34.549 0.001
20121030  MP416 139562 1006  2.12 52.19 42.58  0.00000  3.11 -0.039 0.005 2.191 0.002 742.087 0.014 132.655 0.001 34.319 0.001
20121030  MP417 203219 1008  1.36 33.57 62.23  0.00000  2.84 0.014 0.005 2.131 0.002 741.548 0.012 133.529 0.001 34.502 0.001
20121030  MP418 216316 1008  1.24 33.26 62.68  0.00000  2.83 0.045 0.005 2.129 0.002 741.292 0.011 133.595 0.001 34.518 0.001
20121031  MP419 200765 1007  1.40 36.27 59.46  0.00000  2.87 -0.011 0.005 2.133 0.002 741.236 0.012 133.742 0.001 34.556 0.001
20121101  MP420 240896 1010  1.16 29.07 66.97  0.00945  2.79 0.012 0.005 2.122 0.002 741.009 0.011 133.611 0.001 34.534 0.001
20121101  RM891 217434 1009  1.19 33.13 62.79  0.00063  2.88 0.023 0.005 2.129 0.002 741.100 0.011 133.640 0.001 34.526 0.001
20121102  RM892 276623 1012  1.19 24.20 71.82  0.08399  2.71 0.041 0.004 2.120 0.001 740.849 0.010 133.568 0.001 34.515 0.001
20121102  RM893 252548 1010  1.16 27.45 68.66  0.01513  2.72 0.006 0.005 2.118 0.002 740.871 0.011 133.697 0.001 34.539 0.001
20121103  RM894 205908 1006  1.15 34.07 61.95  0.00000  2.84 -0.026 0.005 2.140 0.002 741.169 0.012 133.135 0.001 34.410 0.001
20121104  MP421 233008 1005  1.07 30.67 65.45  0.00570  2.81 0.013 0.005 2.125 0.002 741.028 0.011 133.492 0.001 34.479 0.001
20121104 UM2601 213333 1008  1.30 33.90 61.96  0.00000  2.84 -0.005 0.005 2.128 0.002 741.022 0.012 133.498 0.001 34.485 0.001
20121105  MP422 133384 1007  2.11 53.95 40.78  0.00000  3.16 0.064 0.005 2.201 0.002 741.488 0.014 132.486 0.002 34.271 0.001
20121107 UM2608 301114 1013  1.16 20.59 75.41  0.12198  2.71 -0.022 0.004 2.117 0.001 740.226 0.010 133.622 0.001 34.531 0.001
20121108 UM2611 256254 1013  1.32 26.58 69.31  0.01823  2.77 0.005 0.004 2.121 0.002 740.222 0.011 133.592 0.001 34.520 0.001
20121108 UM2612 202203 1008  1.22 36.43 59.36  0.00000  2.99 0.048 0.005 2.140 0.002 740.799 0.012 133.387 0.001 34.443 0.001
20121111  MP424 156436 1005  1.57 48.88 46.42  0.00000  3.13 0.021 0.005 2.173 0.002 740.625 0.013 133.327 0.001 34.442 0.001
20121111 UM2619 202762 1007  1.83 38.10 57.14  0.00000  2.94 0.037 0.005 2.131 0.002 740.563 0.012 133.617 0.001 34.479 0.001
20121113 UM2624 227780 1007  1.07 31.35 64.75  0.00126  2.83 0.020 0.005 2.125 0.002 740.275 0.011 133.527 0.001 34.487 0.001
20121114  MP425 276065 1008  0.87 20.84 75.66  0.00411  2.63 0.000 0.004 2.125 0.001 740.307 0.010 133.162 0.001 34.418 0.001
20121114  MP426 185616 1006  1.00 35.69 60.40  0.00000  2.90 0.027 0.005 2.145 0.002 740.776 0.012 133.186 0.001 34.399 0.001
20121115  RM899 275845 1012  1.13 23.99 72.09  0.05567  2.73 0.027 0.004 2.116 0.001 740.100 0.010 133.544 0.001 34.477 0.001
20121116  MP428 216015 1007  1.09 34.07 61.94  0.00000  2.90 -0.014 0.005 2.127 0.002 740.226 0.011 133.634 0.001 34.504 0.001
20121116  RM900 180827 1006  1.41 41.22 54.35  0.00000  3.02 0.003 0.005 2.144 0.002 740.304 0.012 133.654 0.001 34.513 0.001
20121116  MP430 215154 1007  1.19 33.69 62.28  0.00000  2.84 -0.027 0.005 2.129 0.002 740.065 0.011 133.556 0.001 34.501 0.001
20121117  RM901  57973  967 10.00 80.95  5.70  0.00000  3.35 -0.068 0.007 2.305 0.003 739.992 0.023 134.120 0.004 34.662 0.003
20121118  MP431 212689 1007  1.21 34.20 61.76  0.00000  2.84 0.035 0.005 2.136 0.002 739.959 0.012 133.496 0.001 34.487 0.001
20121118  RM902 256236 1011  1.06 26.81 69.36  0.02140  2.75 0.016 0.004 2.118 0.002 739.849 0.011 133.513 0.001 34.481 0.001
20121119  RM903 210892 1007  1.11 34.45 61.58  0.00000  2.86 0.035 0.005 2.135 0.002 739.912 0.012 133.497 0.001 34.481 0.001
20121124  MP434 212079 1007  1.27 34.71 61.15  0.00000  2.87 -0.001 0.005 2.125 0.002 739.541 0.011 133.673 0.001 34.515 0.001
20121124  RM905 267553 1012  1.23 25.75 70.23  0.04215  2.75 0.009 0.004 2.118 0.001 739.447 0.010 133.533 0.001 34.473 0.001
20121125  RM906 260913 1009  1.40 26.44 69.38  0.02617  2.75 0.041 0.004 2.119 0.002 739.358 0.010 133.483 0.001 34.474 0.001
20121125  RM907 304017 1012  0.96 20.88 75.32  0.15508  2.68 0.038 0.004 2.119 0.001 739.319 0.010 133.493 0.001 34.460 0.001
20121130  MP438 206485 1008  1.42 37.07 58.64  0.00000  2.87 0.011 0.005 2.153 0.002 739.352 0.012 132.861 0.001 34.333 0.001
20121130  RM909 261876 1013  1.14 26.00 70.09  0.03269  2.74 0.058 0.004 2.120 0.002 739.264 0.010 133.486 0.001 34.463 0.001
20121201  RM910 210662 1010  1.07 34.77 61.27  0.00000  2.89 0.057 0.005 2.129 0.002 739.355 0.012 133.504 0.001 34.461 0.001
20121201  RM911 252750 1013  1.13 27.20 68.91  0.01351  2.75 0.027 0.004 2.121 0.002 739.154 0.011 133.474 0.001 34.467 0.001
20121202  RM912 236254 1011  1.16 30.01 66.01  0.00378  2.81 0.090 0.005 2.122 0.002 739.171 0.011 133.511 0.001 34.474 0.001e
20121204  RM913 203347 1012  1.07 32.12 63.91  0.00000  2.91 0.051 0.005 2.140 0.002 739.680 0.012 132.952 0.001 34.354 0.001
20121205  RM914 253710 1011  1.04 27.33 68.85  0.01574  2.76 0.045 0.004 2.119 0.002 739.152 0.011 133.561 0.001 34.487 0.001
20121205  RM915 216260 1011  1.17 33.60 62.33  0.00000  2.90 0.055 0.005 2.130 0.002 739.231 0.011 133.587 0.001 34.495 0.001
20121205  RM916 257628 1012  1.07 26.56 69.55  0.02422  2.80 0.047 0.004 2.121 0.002 739.141 0.010 133.524 0.001 34.478 0.001
20121216  RM919  84328  994  3.12 77.55 15.97  0.00000  3.37 -0.039 0.006 2.291 0.003 740.490 0.018 135.267 0.002 34.858 0.002
